0.00417932192627006
-0.007306784300447349
-0.0003598850009626877
0.007410886430839263
0.004120321646213151
0.0002509358935190281
0.007080284101648889
0.030151874678300418
0.038836089932799626
0.012929011081073378
0.012359653718069588
0.02129499198324615
-0.0028606116260088666
-0.0007648568445351486
0.022781666505846964
0.00719118837096869
0.02665737156199616
0.0022890574995862558
0.00037285973011191956
0.004685261212065927
0.001662375960447382
0.001248811703302611
0.021889830433406754
0.03948243418067726
0.0028593222546251847
0.015204432078483364
0.005350050167438571
0.0047812707603502305
0.00252986938281335
0.029698174575798243
0.0292561221986393
0.0007652803337204443
0.02624415752557259
0.033004709567085705
0.06340819394056442
-0.0008780355171974012
0.030023689695996912
0.0024260125013169736
0.018931057179743086
0.03470362687641696
-0.0054535417520618175
-0.0018403022928466487
-0.0025296012182618186
-0.003479999560069175
0.016212995840442
0.03474758459876761
0.022278024135144688
0.004482902171648438
0.01288879163515376
0.005480798755255886
