0.040175108664039456
0.0044773640566488125
-0.0029240015127008543
0.012299682706864013
0.010422896769704945
0.005346726245818669
0.018472717752419217
-0.004955758097976041
0.06266147106001102
-0.007867907847943764
0.0002041671399368948
0.011807320911696196
-0.0021021919208235812
0.0035976137249497135
-0.006408217756441786
0.009390652988804166
0.03949810068734916
0.004755092357935378
-0.013213185711760925
0.01675711208172218
0.02539045648962745
0.028160705988699027
0.03554863649437207
0.03604248513557542
-0.005461033118671273
0.010383603644227732
0.028231320109920653
0.000611799035152121
-0.0009183034969675315
0.014817162331139097
0.05135268135916604
0.02539444672128072
0.0293877024932765
0.0035282159238081545
0.02915562053686847
0.039368445728304946
0.03508052400336316
0.00904652736264144
0.006600559695522846
-0.004351019803354344
0.0
0.0011338774870056608
0.035994839961655624
-0.021582310268756233
0.004326101632978541
0.03307083424362229
0.03330409641759328
-0.0010673129342221779
0.027284148048843708
-0.007407687062600455
